2.189288	-0.324785	0
1.538131	-0.094635	0
0.950345	0.662543	0
1.122329	0.065845	0
0.641932	0.010028	0
1.711355	0.090031	0
1.682760	0.880609	0
0.505184	0.598496	0
1.293413	-0.329593	0
0.999879	-0.589011	0
1.053547	0.084008	0
1.189662	0.792371	0
0.555735	-0.576168	0
0.769056	-0.269475	0
0.697632	0.344951	0
0.310024	0.048543	0
0.778406	0.226878	0
0.787983	-0.259803	0
0.130838	-0.242921	0
0.526127	-0.467792	0
1.660123	-0.109658	0
1.608629	-0.895905	0
0.132808	-0.914144	0
2.440086	0.060825	0
1.123277	-0.774356	0
0.806501	0.413825	0
0.891655	0.261492	0
1.844926	0.523153	0
0.385019	-0.853535	0
1.469024	0.490327	0
0.880836	-0.532571	0
0.658489	-0.485732	0
1.577281	1.047797	0
1.302362	0.126993	0
0.548996	0.514033	0
0.452812	0.095362	0
0.321653	0.862277	0
1.021017	0.345932	0
1.184358	-0.011768	0
1.326663	-0.649606	0
0.802045	-0.491669	0
0.211321	0.294965	0
0.955549	-0.272140	0
0.861034	0.402576	0
0.164857	0.654536	0
1.351042	0.015869	0
0.030929	0.150828	0
0.813500	-0.095654	0
0.426966	-0.048036	0
0.669098	0.144823	0
2.140375	1.124163	1
2.258092	2.277829	1
2.447822	1.676081	1
2.297479	1.306811	1
1.738488	1.774241	1
1.937752	2.040466	1
2.200107	2.193694	1
1.686564	1.723146	1
2.408236	2.563250	1
2.247659	2.701814	1
2.334344	1.401048	1
1.581095	2.292002	1
1.885298	1.723483	1
2.867733	3.865347	1
2.902869	3.345575	1
2.177417	1.568287	1
1.870065	1.320121	1
2.177955	-0.050295	1
3.110932	2.805023	1
2.728838	2.818223	1
1.511630	1.981414	1
1.833414	2.171475	1
2.348500	3.220160	1
2.568881	1.870120	1
2.003414	1.684543	1
1.629910	1.876920	1
2.966120	2.170524	1
1.984240	0.332163	1
1.339592	2.345681	1
1.862789	1.092041	1
2.037343	1.379285	1
2.312149	2.260621	1
2.887776	1.446387	1
2.582615	3.407866	1
1.925319	1.527442	1
2.260933	2.009826	1
1.684991	2.769383	1
2.056299	-0.299543	1
1.427511	0.748695	1
1.866946	1.205064	1
2.243192	2.794147	1
1.937783	-1.438293	1
1.442207	3.364937	1
3.270130	2.259498	1
2.429598	1.842628	1
1.742989	2.354944	1
2.297150	3.085890	1
1.959836	1.952717	1
1.863891	2.876649	1
1.558765	1.378414	1
3.789376	0.441162	2
3.416515	0.610202	2
3.661884	0.356206	2
2.341057	1.568355	2
3.451271	0.557732	2
3.782790	0.937345	2
3.990873	2.502925	2
3.591357	-0.032260	2
2.519921	1.727546	2
3.613834	0.389807	2
3.157059	0.854881	2
2.629762	1.472746	2
1.368352	1.421787	2
2.734590	0.975495	2
2.769595	1.323830	2
1.569114	2.325153	2
3.238569	1.354831	2
3.193345	1.240872	2
3.166305	1.158717	2
2.947350	0.560459	2
2.884974	0.429304	2
3.759666	1.455182	2
3.335634	0.254517	2
3.759393	-0.461214	2
3.163039	1.173905	2
3.002953	1.322423	2
3.548592	0.756711	2
2.907286	0.477259	2
2.647061	3.122336	2
2.881001	-0.191351	2
2.574237	0.641651	2
3.112310	2.732217	2
4.016277	0.835602	2
2.839382	0.947010	2
1.900117	0.801490	2
3.038715	0.895974	2
2.083253	0.914047	2
2.836508	-0.287597	2
2.976688	1.198903	2
3.527469	-0.711661	2
2.498633	0.645235	2
2.006050	2.354670	2
2.107739	0.770025	2
2.503316	1.834491	2
2.668929	1.341502	2
3.172209	0.463024	2
3.942027	0.323426	2
2.934991	0.008454	2
2.314024	1.669435	2
3.159677	2.759736	2
